id,label,ts_in,ts_out,dim_0,dim_1,dim_2,dim_3
1,product-1,167,201,153,146,52,146
2,product-2,128,211,105,100,97,100
3,product-3,102,181,163,171,34,167
4,product-4,158,167,181,15,189,187
5,product-5,11,83,95,109,103,108
6,product-6,200,279,123,78,76,79
7,product-7,185,239,49,49,40,156
8,product-8,174,197,145,148,150,50
9,product-9,215,254,40,163,42,37
10,product-10,187,217,214,0,0,0
11,product-11,192,199,85,84,114,88
12,product-12,166,171,97,96,105,91
13,product-13,60,76,146,151,50,155
14,product-14,178,269,34,35,31,164
15,product-15,27,74,80,116,83,83
16,product-16,50,116,154,48,44,42
17,product-17,57,80,44,153,47,49
18,product-18,95,119,89,110,108,112
19,product-19,33,76,161,159,165,36
20,product-20,96,156,93,105,110,104
21,product-21,207,265,66,66,133,63
22,product-22,63,70,47,156,41,40
23,product-23,102,111,98,102,103,97
24,product-24,98,122,51,49,49,150
25,product-25,169,178,189,181,16,189
26,product-26,91,172,116,88,88,81
27,product-27,144,222,130,129,74,127
28,product-28,59,115,30,36,167,38
29,product-29,165,172,80,86,115,84
30,product-30,39,96,17,15,181,21
31,product-31,178,247,47,153,156,151
32,product-32,174,186,142,144,144,53
33,product-33,49,140,92,89,108,92
34,product-34,199,214,63,135,69,61
35,product-35,7,77,0,0,204,0
36,product-36,113,190,41,154,51,43
37,product-37,203,243,90,109,91,93
38,product-38,118,136,3,13,3,192
39,product-39,34,51,48,41,155,46
40,product-40,195,211,113,82,90,82
41,product-41,163,189,75,130,122,122
42,product-42,163,167,61,141,57,56
43,product-43,189,247,133,143,140,62
44,product-44,159,213,88,87,83,112
45,product-45,145,146,0,1,0,200
46,product-46,65,74,171,171,168,33
47,product-47,173,261,6,1,196,7
48,product-48,247,343,142,55,56,53
49,product-49,160,246,132,70,135,134
50,product-50,76,131,89,92,106,98
51,product-51,158,185,180,175,174,25
52,product-52,175,210,59,62,137,63
53,product-53,166,181,177,171,28,167
54,product-54,176,243,161,37,158,168
55,product-55,134,162,250,0,0,0
56,product-56,177,259,0,0,0,234
57,product-57,115,130,191,8,193,197
58,product-58,15,74,10,12,14,190
59,product-59,230,270,13,184,14,17
60,product-60,95,154,116,114,116,84
61,product-61,72,122,118,122,80,121
62,product-62,143,220,71,130,69,68
63,product-63,179,250,208,0,0,0
64,product-64,75,87,80,117,120,123
65,product-65,23,92,103,111,92,108
66,product-66,113,126,10,190,11,12
67,product-67,115,150,106,95,109,100
68,product-68,72,97,117,84,115,112
69,product-69,183,222,0,203,0,0
70,product-70,161,225,152,51,146,150
71,product-71,162,235,42,158,41,39
72,product-72,53,128,76,73,128,74
73,product-73,216,288,117,83,115,118
74,product-74,166,261,108,88,91,93
75,product-75,152,188,39,163,162,158
76,product-76,160,243,76,129,69,67
77,product-77,217,224,86,112,115,109
78,product-78,90,160,112,86,87,85
79,product-79,159,248,14,189,7,10
80,product-80,134,158,79,117,79,86
81,product-81,21,66,110,114,114,90
82,product-82,258,272,59,142,62,62
83,product-83,106,176,29,22,28,176
84,product-84,98,126,133,125,72,126
85,product-85,135,214,163,160,164,39
86,product-86,149,167,7,189,189,188
87,product-87,194,257,161,36,160,159
88,product-88,212,221,53,57,147,57
89,product-89,25,98,36,45,46,159
90,product-90,132,208,0,0,198,0
91,product-91,193,238,88,117,81,82
92,product-92,232,267,89,113,85,85
93,product-93,74,131,106,114,91,114
94,product-94,42,85,134,129,70,131
95,product-95,216,250,15,20,15,180
96,product-96,61,73,23,29,173,27
97,product-97,217,222,12,189,192,190
98,product-98,81,97,153,161,162,43
99,product-99,57,133,18,177,18,20
100,product-100,9,89,105,107,95,101
101,product-101,123,169,0,222,0,0
102,product-102,151,242,48,155,42,49
103,product-103,137,235,223,0,0,0
104,product-104,71,111,148,145,55,142
105,product-105,21,53,131,72,65,73
106,product-106,200,265,26,33,26,169
107,product-107,117,154,191,13,9,11
108,product-108,161,211,98,105,97,101
109,product-109,152,167,94,110,87,85
110,product-110,164,236,94,103,104,110
111,product-111,59,126,49,150,53,48
112,product-112,162,163,41,161,35,39
113,product-113,54,149,11,188,16,8
114,product-114,98,184,169,174,26,176
115,product-115,174,202,0,0,0,214
116,product-116,225,296,0,0,219,0
117,product-117,201,232,57,56,145,52
118,product-118,77,124,15,187,181,189
119,product-119,134,190,0,0,0,251
120,product-120,125,183,32,38,36,167
121,product-121,122,176,76,74,123,79
122,product-122,66,68,47,151,152,148
123,product-123,104,107,0,203,0,2
124,product-124,189,213,114,81,122,121
125,product-125,126,166,22,181,17,20
126,product-126,91,103,171,27,169,177
127,product-127,19,93,72,124,130,125
128,product-128,216,269,104,113,113,92
129,product-129,81,145,19,182,23,15
130,product-130,6,29,204,0,0,0
131,product-131,205,257,142,54,145,142
132,product-132,234,254,126,72,74,72
133,product-133,89,176,159,38,38,39
134,product-134,43,122,180,19,176,179
135,product-135,145,162,57,58,139,63
136,product-136,35,101,9,187,11,15
137,product-137,202,209,175,178,26,177
138,product-138,81,153,90,110,90,95
139,product-139,204,234,65,61,138,60
140,product-140,110,165,159,161,164,38
141,product-141,71,112,42,43,159,43
142,product-142,160,220,13,22,183,17
143,product-143,128,134,106,97,96,98
144,product-144,114,132,126,73,132,122
145,product-145,93,183,61,57,60,144
146,product-146,167,227,22,179,24,16
147,product-147,164,187,99,106,97,106
148,product-148,172,197,126,70,132,132
149,product-149,122,217,124,122,73,130
150,product-150,58,107,120,80,125,117
151,product-151,46,142,0,0,0,256
152,product-152,97,139,102,104,102,98
153,product-153,72,139,0,3,0,201
154,product-154,83,89,108,91,104,104
155,product-155,21,109,6,195,7,6
156,product-156,117,189,31,31,38,164
157,product-157,143,162,133,126,135,69
158,product-158,199,207,46,46,155,44
159,product-159,67,96,99,101,94,104
160,product-160,97,182,0,0,217,0
161,product-161,31,33,165,162,40,155
162,product-162,83,116,69,126,134,128
163,product-163,35,73,0,207,0,0
164,product-164,174,261,42,153,156,155
165,product-165,110,167,175,30,21,25
166,product-166,188,192,116,121,116,79
167,product-167,56,93,36,166,37,35
168,product-168,176,251,109,110,109,94
169,product-169,155,241,155,48,156,150
170,product-170,141,210,49,42,154,45
171,product-171,153,233,172,171,171,25
172,product-172,62,98,198,4,3,5
173,product-173,191,276,78,117,86,79
174,product-174,95,166,148,152,148,51
175,product-175,214,301,80,124,124,122
176,product-176,88,134,0,224,0,0
177,product-177,202,240,96,109,94,92
178,product-178,83,97,0,0,0,247
179,product-179,31,48,157,152,154,44
180,product-180,223,271,45,157,157,160
181,product-181,143,150,162,37,42,33
182,product-182,146,151,21,183,20,15
183,product-183,114,187,139,141,136,64
184,product-184,61,130,131,74,122,127
185,product-185,152,161,93,108,94,94
186,product-186,172,259,147,145,58,144
187,product-187,70,122,39,46,157,41
188,product-188,71,109,36,33,28,167
189,product-189,95,160,106,95,104,108
190,product-190,67,146,124,73,71,75
191,product-191,43,47,220,0,0,0
192,product-192,57,68,206,0,0,0
193,product-193,174,199,21,179,176,176
194,product-194,68,128,188,185,14,188
195,product-195,208,232,130,124,128,72
196,product-196,126,214,63,139,138,132
197,product-197,219,230,12,185,189,185
198,product-198,138,199,78,119,119,120
199,product-199,85,139,6,0,199,5
200,product-200,12,48,61,142,63,53
201,product-201,9,16,0,1,201,0
202,product-202,131,187,109,103,106,93
203,product-203,100,154,0,0,224,0
204,product-204,192,241,106,114,90,110
205,product-205,30,32,0,0,256,0
206,product-206,55,149,30,171,34,30
207,product-207,87,134,118,125,123,80
208,product-208,207,212,19,24,25,178
209,product-209,100,115,141,55,149,142
210,product-210,83,130,38,164,163,158
211,product-211,161,204,103,95,108,108
212,product-212,81,92,0,0,198,0
213,product-213,49,116,88,115,88,81
214,product-214,203,269,4,10,195,8
215,product-215,86,120,56,50,55,145
216,product-216,42,54,19,184,16,15
217,product-217,151,210,68,69,63,132
218,product-218,181,279,144,59,58,58
219,product-219,73,138,139,133,62,142
220,product-220,56,127,4,195,8,0
221,product-221,200,255,0,0,202,0
222,product-222,103,165,0,0,0,213
223,product-223,165,166,33,35,27,169
224,product-224,177,248,0,256,0,0
225,product-225,78,114,134,71,69,65
226,product-226,213,276,84,113,114,113
227,product-227,113,191,111,119,84,113
228,product-228,118,185,139,137,143,61
229,product-229,167,229,37,167,168,160
230,product-230,73,142,129,131,139,66
231,product-231,61,135,167,31,34,29
232,product-232,196,285,126,127,128,69
233,product-233,175,266,44,153,44,46
234,product-234,183,237,116,86,118,119
235,product-235,132,219,108,110,110,89
236,product-236,80,140,28,37,37,167
237,product-237,69,166,12,191,190,192
238,product-238,72,81,106,97,93,97
239,product-239,58,141,150,149,53,151
240,product-240,87,173,40,165,34,35
241,product-241,182,237,40,155,157,165
242,product-242,183,191,189,184,189,12
243,product-243,20,64,166,165,160,35
244,product-244,132,134,0,0,0,219
245,product-245,131,132,175,29,176,168
246,product-246,63,151,98,100,97,100
247,product-247,141,156,63,140,135,138
248,product-248,153,209,101,99,102,95
249,product-249,69,145,112,90,115,111
250,product-250,247,331,86,117,81,81
251,product-251,97,140,64,65,63,132
252,product-252,70,91,177,24,23,23
253,product-253,68,104,21,15,181,21
254,product-254,74,150,43,155,40,50
255,product-255,151,227,62,57,60,143
256,product-256,74,77,173,31,169,167
257,product-257,150,241,152,155,44,161
258,product-258,172,182,0,0,0,215
259,product-259,173,208,154,146,50,153
260,product-260,182,225,114,84,85,90
261,product-261,224,253,158,40,45,43
262,product-262,99,132,147,144,152,53
263,product-263,113,116,0,205,0,0
264,product-264,199,225,152,150,151,46
265,product-265,89,150,117,112,121,84
266,product-266,193,215,133,66,66,68
267,product-267,146,168,193,187,12,192
268,product-268,89,127,17,185,19,15
269,product-269,19,57,104,100,93,101
270,product-270,276,373,80,78,79,123
271,product-271,154,235,53,152,145,152
272,product-272,114,145,76,124,119,125
273,product-273,64,153,0,238,0,0
274,product-274,103,172,162,42,39,34
275,product-275,209,295,0,0,230,0
276,product-276,183,259,159,165,163,38
277,product-277,175,204,116,122,120,83
278,product-278,62,98,154,155,44,153
279,product-279,64,105,167,163,37,164
280,product-280,117,150,186,188,178,17
281,product-281,54,67,83,91,114,89
282,product-282,117,135,0,0,236,0
283,product-283,135,154,186,193,191,11
284,product-284,154,241,99,99,96,105
285,product-285,169,177,76,128,124,123
286,product-286,118,118,124,80,76,76
287,product-287,220,299,18,15,17,181
288,product-288,165,191,89,88,115,89
289,product-289,229,231,24,29,173,27
290,product-290,55,138,73,126,125,129
291,product-291,130,171,0,0,204,0
292,product-292,165,234,62,60,141,54
293,product-293,152,227,242,0,0,0
294,product-294,247,297,222,0,0,0
295,product-295,185,235,28,23,30,175
296,product-296,52,78,181,19,176,177
297,product-297,194,280,171,179,24,176
298,product-298,181,250,46,47,154,48
299,product-299,31,119,69,134,126,126
300,product-300,60,99,62,57,142,54
301,product-301,48,55,120,125,78,123
302,product-302,131,216,119,80,84,78
303,product-303,158,158,176,178,22,181
304,product-304,98,166,46,46,54,151
305,product-305,164,245,140,137,143,62
306,product-306,69,137,155,42,160,154
307,product-307,69,153,108,96,99,100
308,product-308,161,211,9,192,13,11
309,product-309,110,132,31,171,164,164
310,product-310,136,148,136,133,132,64
311,product-311,297,339,40,161,157,155
312,product-312,51,67,48,154,41,47
313,product-313,124,212,185,180,18,178
314,product-314,120,152,132,132,135,69
315,product-315,152,233,116,117,86,110
316,product-316,175,270,127,129,128,75
317,product-317,160,226,47,47,46,156
318,product-318,154,244,28,175,22,22
319,product-319,184,252,80,117,84,86
320,product-320,135,154,180,24,180,173
321,product-321,113,121,116,88,86,89
322,product-322,122,215,67,70,66,133
323,product-323,140,214,106,103,93,111
324,product-324,32,97,148,56,54,56
325,product-325,60,97,190,185,188,12
326,product-326,120,174,114,81,114,122
327,product-327,116,136,165,35,30,34
328,product-328,32,77,0,219,0,0
329,product-329,145,213,181,14,16,21
330,product-330,201,222,173,26,26,25
331,product-331,243,264,77,83,121,83
332,product-332,180,208,151,48,45,54
333,product-333,78,134,161,154,155,43
334,product-334,175,208,30,174,26,28
335,product-335,190,225,103,102,105,99
336,product-336,155,161,91,91,108,89
337,product-337,98,146,0,0,239,0
338,product-338,144,234,0,0,223,0
339,product-339,121,127,201,0,0,1
340,product-340,217,258,22,16,21,179
341,product-341,88,126,0,0,0,237
342,product-342,184,246,73,70,65,131
343,product-343,114,143,0,215,0,0
344,product-344,157,231,111,92,112,111
345,product-345,83,163,41,43,45,160
346,product-346,178,238,33,33,32,171
347,product-347,199,220,190,15,5,15
348,product-348,205,275,0,0,212,0
349,product-349,64,103,48,51,49,150
350,product-350,93,128,156,40,49,49
351,product-351,48,71,60,144,52,51
352,product-352,155,169,18,185,16,13
353,product-353,27,50,0,0,0,212
354,product-354,201,208,168,32,31,27
355,product-355,69,112,173,163,32,166
356,product-356,144,213,15,18,182,15
357,product-357,170,180,66,66,134,69
358,product-358,74,133,10,189,188,191
359,product-359,115,195,231,0,0,0
360,product-360,137,215,187,17,181,182
361,product-361,190,264,160,163,40,161
362,product-362,191,237,76,79,71,125
363,product-363,212,228,40,36,42,162
364,product-364,91,91,81,117,82,78
365,product-365,62,106,87,91,108,96
366,product-366,38,106,139,59,143,144
367,product-367,77,142,16,13,9,189
368,product-368,190,197,85,113,117,113
369,product-369,201,255,72,77,74,127
370,product-370,196,287,105,105,96,100
371,product-371,214,228,0,0,0,204
372,product-372,174,201,21,23,17,181
373,product-373,34,123,123,118,81,116
374,product-374,151,161,108,95,88,91
375,product-375,101,103,91,87,110,95
376,product-376,102,132,9,10,187,14
377,product-377,93,131,148,50,145,150
378,product-378,31,46,0,0,226,0
379,product-379,119,164,131,132,72,132
380,product-380,129,184,53,52,146,54
381,product-381,122,191,36,164,160,160
382,product-382,177,225,146,153,50,148
383,product-383,179,273,150,150,51,144
384,product-384,208,294,227,0,0,0
385,product-385,48,78,149,53,143,147
386,product-386,126,205,167,33,31,32
387,product-387,69,85,140,138,132,64
388,product-388,185,212,114,108,107,90
389,product-389,165,183,95,101,101,101
390,product-390,118,187,99,105,100,98
391,product-391,25,80,87,112,108,111
392,product-392,59,131,139,62,57,60
393,product-393,119,204,132,129,68,134
394,product-394,97,188,56,50,149,49
395,product-395,92,151,0,0,210,0
396,product-396,106,184,138,137,58,141
397,product-397,63,75,100,95,103,101
398,product-398,75,150,7,6,191,4
399,product-399,142,202,123,75,80,74
400,product-400,199,285,15,23,181,24
401,product-401,117,166,20,17,11,185
402,product-402,106,134,0,0,252,0
403,product-403,45,105,119,79,82,82
404,product-404,162,247,194,187,11,190
405,product-405,251,312,78,85,118,86
406,product-406,106,170,181,23,16,18
407,product-407,225,317,142,56,58,59
408,product-408,165,250,49,43,41,154
409,product-409,209,237,14,186,10,9
410,product-410,215,229,140,59,146,141
411,product-411,58,115,63,63,64,134
412,product-412,175,179,189,15,7,13
413,product-413,90,167,46,40,36,159
414,product-414,167,228,146,146,148,49
415,product-415,170,230,194,186,11,194
416,product-416,25,93,88,107,91,97
417,product-417,18,79,74,122,79,82
418,product-418,38,94,14,14,15,190
419,product-419,105,160,104,102,99,101
420,product-420,53,110,145,57,144,138
421,product-421,169,215,0,0,0,209
422,product-422,132,182,82,116,118,113
423,product-423,173,216,53,57,146,49
424,product-424,138,144,32,28,27,170
425,product-425,103,146,54,56,147,55
426,product-426,214,219,41,156,155,163
427,product-427,144,165,125,77,79,71
428,product-428,19,103,69,76,128,68
429,product-429,206,281,115,85,112,113
430,product-430,49,72,36,161,167,163
431,product-431,167,243,195,194,197,5
432,product-432,45,133,116,116,87,118
433,product-433,94,108,37,168,27,29
434,product-434,178,202,41,162,159,160
435,product-435,182,263,73,131,132,130
436,product-436,171,206,30,34,33,169
437,product-437,197,285,25,18,177,26
438,product-438,124,176,104,106,96,108
439,product-439,167,189,50,52,44,151
440,product-440,141,158,133,71,130,132
441,product-441,161,244,109,111,115,90
442,product-442,123,192,79,83,86,117
443,product-443,96,152,0,0,246,0
444,product-444,130,184,105,105,94,109
445,product-445,24,38,55,53,47,148
446,product-446,23,46,8,196,6,2
447,product-447,200,237,159,44,43,42
448,product-448,157,159,118,87,77,82
449,product-449,129,209,5,0,200,0
450,product-450,85,155,0,198,6,7
451,product-451,92,100,0,0,0,219
452,product-452,66,136,92,89,111,91
453,product-453,43,92,232,0,0,0
454,product-454,74,140,68,68,136,67
455,product-455,122,204,75,80,123,78
456,product-456,163,233,0,205,0,0
457,product-457,93,190,71,127,127,133
458,product-458,229,229,224,0,0,0
459,product-459,83,154,222,0,0,0
460,product-460,101,113,184,189,13,190
461,product-461,219,238,11,7,189,11
462,product-462,222,314,52,150,55,45
463,product-463,61,128,154,50,43,45
464,product-464,154,180,70,129,133,134
465,product-465,108,180,93,112,93,91
466,product-466,173,235,242,0,0,0
467,product-467,43,130,78,123,127,120
468,product-468,198,274,182,184,14,185
469,product-469,204,209,57,144,53,54
470,product-470,168,193,10,14,11,186
471,product-471,223,265,37,160,37,39
472,product-472,176,273,0,0,214,0
473,product-473,99,154,143,139,56,140
474,product-474,46,101,103,98,104,99
475,product-475,202,228,47,154,43,44
476,product-476,61,146,32,29,166,30
477,product-477,47,83,23,29,176,25
478,product-478,188,242,15,185,12,10
479,product-479,157,194,56,144,54,57
480,product-480,142,204,88,116,88,83
481,product-481,130,171,85,115,113,120
482,product-482,144,197,56,140,65,56
483,product-483,60,137,155,153,42,158
484,product-484,72,73,38,36,36,163
485,product-485,188,271,11,185,16,14
486,product-486,123,214,134,61,68,70
487,product-487,116,174,103,107,107,95
488,product-488,36,82,111,105,104,94
489,product-489,199,233,78,77,118,86
490,product-490,41,115,24,180,16,21
491,product-491,95,100,46,152,46,50
492,product-492,27,77,212,0,0,0
493,product-493,93,173,109,101,94,101
494,product-494,109,121,141,60,60,56
495,product-495,176,224,153,46,44,46
496,product-496,122,195,43,157,158,153
497,product-497,162,177,154,152,46,157
498,product-498,42,76,168,30,166,171
499,product-499,208,231,197,4,8,0
500,product-500,112,187,57,59,146,54
501,product-501,147,174,111,94,101,105
502,product-502,39,118,139,58,147,140
503,product-503,157,229,57,58,54,145
504,product-504,141,183,188,15,189,190
505,product-505,62,105,0,0,0,231
506,product-506,77,108,0,0,208,0
507,product-507,155,188,151,45,154,152
508,product-508,128,195,37,34,168,36
509,product-509,209,292,140,62,141,134
510,product-510,171,193,0,0,204,0
511,product-511,132,209,104,92,103,103
512,product-512,90,132,75,83,85,120
513,product-513,32,100,73,125,76,72
514,product-514,120,185,85,85,88,115
515,product-515,106,183,0,217,0,0
516,product-516,289,326,105,98,99,99
517,product-517,182,205,44,44,154,42
518,product-518,63,110,101,94,101,100
519,product-519,30,39,131,66,137,131
520,product-520,74,119,165,34,38,37
521,product-521,197,202,146,146,50,151
522,product-522,111,142,0,212,0,0
523,product-523,229,239,133,138,138,66
524,product-524,93,181,136,68,60,64
525,product-525,127,175,37,158,38,42
526,product-526,224,224,60,145,140,135
527,product-527,181,206,5,3,197,8
528,product-528,199,268,107,113,108,89
529,product-529,110,155,103,96,99,95
530,product-530,116,185,183,13,188,190
531,product-531,97,154,159,37,159,158
532,product-532,228,290,0,217,0,0
533,product-533,191,198,171,168,169,34
534,product-534,198,265,109,118,86,111
535,product-535,132,186,76,71,66,129
536,product-536,139,201,28,27,23,177
537,product-537,173,221,174,177,176,27
538,product-538,66,93,65,66,132,64
539,product-539,14,58,248,0,0,0
540,product-540,98,132,106,108,110,95
541,product-541,200,280,145,146,58,140
542,product-542,186,257,39,38,157,44
543,product-543,59,91,80,124,122,122
544,product-544,42,45,52,149,50,48
545,product-545,19,107,184,192,13,182
546,product-546,222,286,52,144,55,59
547,product-547,159,160,29,167,37,35
548,product-548,162,163,173,30,31,27
549,product-549,9,58,48,151,49,45
550,product-550,178,231,163,36,41,37
551,product-551,210,298,131,127,126,70
552,product-552,52,83,40,37,160,43
553,product-553,78,148,33,162,40,33
554,product-554,125,149,193,8,10,8
555,product-555,194,269,144,54,61,56
556,product-556,94,176,35,169,35,27
557,product-557,144,196,152,148,147,53
558,product-558,144,200,34,31,36,168
559,product-559,56,86,0,0,0,232
560,product-560,28,57,266,0,0,0
561,product-561,57,68,38,167,160,160
562,product-562,78,86,141,59,63,63
563,product-563,47,87,141,137,62,141
564,product-564,24,76,126,73,77,78
565,product-565,87,90,147,143,149,52
566,product-566,194,284,113,90,82,88
567,product-567,152,176,137,68,131,129
568,product-568,190,197,41,162,37,35
569,product-569,126,128,109,103,109,92
570,product-570,71,142,0,222,0,0
571,product-571,111,188,35,37,28,168
572,product-572,193,254,51,53,56,144
573,product-573,171,239,35,164,34,37
574,product-574,166,205,69,76,72,128
575,product-575,164,217,22,12,183,21
576,product-576,42,114,79,88,81,117
577,product-577,122,168,4,197,2,5
578,product-578,18,21,150,157,48,152
579,product-579,85,134,187,10,17,15
580,product-580,156,227,24,22,173,28
581,product-581,212,270,0,0,0,211
582,product-582,75,127,63,139,140,138
583,product-583,90,186,96,104,108,107
584,product-584,16,60,117,87,86,81
585,product-585,70,143,72,76,74,128
586,product-586,222,298,104,98,91,92
587,product-587,206,264,126,74,69,75
588,product-588,210,220,117,87,79,79
589,product-589,81,130,150,53,148,151
590,product-590,261,324,155,40,41,50
591,product-591,121,133,103,94,100,96
592,product-592,135,164,161,157,164,40
593,product-593,50,132,58,63,60,141
594,product-594,89,119,190,9,11,7
595,product-595,120,135,70,69,127,70
596,product-596,147,209,28,175,169,169
597,product-597,157,199,33,35,32,169
598,product-598,46,75,168,32,31,32
599,product-599,102,109,158,156,47,157
600,product-600,67,116,60,141,143,140
601,product-601,147,233,184,17,11,13
602,product-602,90,179,61,136,134,136
603,product-603,22,61,24,180,172,173
604,product-604,152,221,110,88,110,108
605,product-605,42,84,119,115,81,122
606,product-606,234,291,125,121,131,74
607,product-607,148,160,165,164,165,37
608,product-608,102,159,0,218,0,0
609,product-609,131,172,68,75,129,69
610,product-610,122,170,53,49,147,50
611,product-611,12,54,74,76,127,72
612,product-612,71,161,0,0,215,0
613,product-613,17,87,155,158,158,41
614,product-614,69,148,0,0,235,0
615,product-615,110,158,0,5,198,0
616,product-616,192,235,19,18,15,186
617,product-617,128,181,31,173,32,31
618,product-618,169,181,0,0,213,0
619,product-619,170,199,101,94,106,107
620,product-620,226,241,68,72,68,131
621,product-621,108,172,162,42,40,38
622,product-622,29,56,0,242,0,0
623,product-623,53,109,151,153,49,151
624,product-624,88,183,109,87,88,87
625,product-625,141,153,63,137,68,59
626,product-626,213,294,73,77,72,123
627,product-627,133,228,73,132,71,71
628,product-628,72,157,132,64,134,141
629,product-629,212,289,37,164,35,39
630,product-630,189,286,142,55,63,55
631,product-631,162,189,104,109,105,96
632,product-632,84,137,107,94,110,101
633,product-633,100,141,188,192,191,11
634,product-634,109,127,43,162,42,33
635,product-635,20,86,85,83,80,115
636,product-636,119,160,149,56,140,148
637,product-637,50,122,67,129,74,66
638,product-638,113,182,99,90,99,105
639,product-639,24,96,131,128,128,73
640,product-640,49,63,31,33,26,172
641,product-641,80,137,159,157,162,40
642,product-642,85,114,93,93,96,106
643,product-643,16,69,52,152,146,148
644,product-644,88,185,15,16,182,23
645,product-645,197,297,28,29,171,28
646,product-646,86,94,118,87,77,85
647,product-647,85,177,156,47,39,39
648,product-648,43,85,183,180,16,182
649,product-649,179,230,86,109,88,92
650,product-650,195,269,194,195,4,193
651,product-651,187,245,0,0,226,0
652,product-652,8,58,36,38,162,41
653,product-653,108,196,46,154,159,159
654,product-654,164,189,149,51,145,147
655,product-655,129,222,114,123,113,82
656,product-656,131,213,126,75,73,77
657,product-657,113,118,147,56,58,53
658,product-658,55,122,109,103,107,96
659,product-659,207,242,0,0,0,218
660,product-660,161,237,236,0,0,0
661,product-661,108,117,85,112,116,113
662,product-662,4,81,133,135,126,69
663,product-663,88,134,66,134,135,136
664,product-664,191,266,55,144,143,149
665,product-665,164,174,52,151,54,53
666,product-666,101,122,59,59,144,53
667,product-667,76,163,89,86,86,112
668,product-668,2,61,0,5,3,197
669,product-669,206,235,35,165,30,32
670,product-670,92,186,26,27,20,176
671,product-671,161,173,99,102,102,98
672,product-672,173,237,35,36,31,165
673,product-673,77,90,151,52,54,52
674,product-674,32,53,223,0,0,0
675,product-675,25,96,96,100,105,99
676,product-676,88,163,65,138,59,66
677,product-677,111,111,54,141,148,150
678,product-678,103,178,144,60,139,135
679,product-679,70,77,52,51,45,150
680,product-680,207,289,56,57,62,142
681,product-681,73,108,36,164,35,37
682,product-682,127,189,177,179,19,185
683,product-683,223,312,86,89,116,83
684,product-684,126,212,102,96,97,101
685,product-685,125,182,111,85,115,114
686,product-686,14,33,59,145,58,54
687,product-687,154,172,31,35,170,32
688,product-688,242,307,130,68,70,68
689,product-689,155,162,0,0,0,227
690,product-690,50,52,80,121,76,83
691,product-691,9,25,83,77,80,122
692,product-692,98,178,156,42,161,163
693,product-693,46,80,153,153,152,45
694,product-694,253,336,135,137,60,142
695,product-695,181,223,46,154,41,42
696,product-696,52,88,140,64,140,132
697,product-697,159,245,37,42,159,41
698,product-698,203,277,75,71,69,130
699,product-699,234,324,6,8,190,15
700,product-700,187,282,59,50,54,145
701,product-701,168,210,61,144,52,52
702,product-702,100,140,21,20,22,176
703,product-703,144,199,177,21,182,178
704,product-704,129,216,56,143,52,62
705,product-705,270,326,133,140,136,65
706,product-706,44,71,111,94,92,92
707,product-707,76,141,0,221,0,0
708,product-708,70,100,48,50,149,51
709,product-709,140,216,152,156,44,161
710,product-710,194,194,113,83,87,87
711,product-711,159,226,0,0,0,232
712,product-712,216,267,216,0,0,0
713,product-713,185,209,79,117,79,86
714,product-714,124,183,0,1,202,0
715,product-715,137,212,12,187,189,191
716,product-716,78,110,141,64,131,141
717,product-717,167,237,8,0,197,4
718,product-718,133,225,150,53,53,47
719,product-719,170,222,83,121,74,76
720,product-720,213,280,14,17,187,18
721,product-721,239,284,142,143,144,60
722,product-722,87,173,119,76,84,80
723,product-723,109,176,62,138,133,136
724,product-724,66,98,0,2,198,0
725,product-725,45,76,64,69,69,132
726,product-726,167,233,0,0,0,231
727,product-727,248,343,55,53,150,50
728,product-728,202,279,9,11,12,193
729,product-729,89,96,84,116,80,82
730,product-730,64,104,75,71,76,126
731,product-731,194,238,82,72,76,123
732,product-732,211,233,120,84,77,77
733,product-733,11,11,0,0,212,0
734,product-734,62,149,56,60,62,140
735,product-735,66,85,0,0,0,224
736,product-736,178,247,103,103,99,98
737,product-737,171,207,19,177,23,18
738,product-738,181,254,6,10,194,5
739,product-739,214,215,0,0,217,0
740,product-740,37,128,75,124,71,74
741,product-741,90,118,176,24,26,28
742,product-742,135,187,132,72,71,69
743,product-743,91,143,136,133,133,63
744,product-744,228,234,0,0,0,222
745,product-745,161,193,0,0,0,237
746,product-746,108,150,162,37,166,160
747,product-747,144,183,146,51,53,50
748,product-748,62,136,188,16,11,13
749,product-749,190,262,149,142,53,151
750,product-750,156,214,143,141,145,57
751,product-751,167,228,130,70,134,129
752,product-752,162,256,21,16,184,19
753,product-753,142,216,0,227,0,0
754,product-754,204,253,150,149,147,50
755,product-755,126,172,23,16,182,23
756,product-756,188,204,80,116,89,79
757,product-757,34,107,102,97,103,95
758,product-758,25,102,188,8,7,9
759,product-759,78,112,62,142,134,133
760,product-760,239,242,150,45,45,55
761,product-761,31,113,68,131,67,70
762,product-762,71,135,71,74,79,126
763,product-763,185,218,107,107,101,98
764,product-764,24,115,125,79,119,126
765,product-765,36,121,125,123,75,129
766,product-766,166,205,0,0,0,206
767,product-767,100,113,84,115,85,89
768,product-768,24,87,26,24,29,172
769,product-769,153,242,106,104,97,101
770,product-770,225,310,16,15,184,11
771,product-771,159,240,81,82,83,116
772,product-772,94,162,0,197,1,0
773,product-773,87,150,43,35,161,40
774,product-774,55,94,114,113,121,84
775,product-775,137,178,69,130,127,136
776,product-776,181,194,121,79,76,75
777,product-777,69,157,112,114,114,90
778,product-778,126,151,98,106,94,97
779,product-779,74,108,0,0,0,204
780,product-780,127,169,0,0,216,0
781,product-781,28,49,124,129,126,74
782,product-782,136,217,176,19,29,21
783,product-783,153,166,21,29,176,22
784,product-784,16,43,46,153,44,47
785,product-785,187,248,133,124,130,71
786,product-786,228,232,44,38,45,157
787,product-787,104,117,0,0,265,0
788,product-788,163,226,34,164,40,33
789,product-789,129,206,29,173,23,27
790,product-790,157,238,69,130,74,65
791,product-791,163,215,156,43,44,46
792,product-792,217,226,0,229,0,0
793,product-793,45,117,82,117,117,118
794,product-794,113,155,170,170,28,177
795,product-795,132,201,189,186,190,14
796,product-796,237,318,99,98,102,97
797,product-797,195,195,103,101,95,95
798,product-798,126,132,0,218,0,0
799,product-799,20,23,122,82,114,121
800,product-800,73,97,72,75,129,75
801,product-801,175,201,187,186,17,186
802,product-802,98,156,117,80,124,119
803,product-803,199,245,163,168,33,164
804,product-804,104,106,0,0,240,0
805,product-805,233,321,108,106,107,95
806,product-806,132,133,0,212,0,0
807,product-807,1,29,103,106,104,93
808,product-808,153,206,84,90,88,114
809,product-809,96,162,159,46,158,158
810,product-810,89,103,30,25,31,172
811,product-811,155,204,0,234,0,0
812,product-812,80,155,131,137,141,64
813,product-813,65,83,44,157,151,153
814,product-814,273,306,61,61,64,141
815,product-815,28,43,115,85,118,119
816,product-816,77,135,145,53,146,143
817,product-817,217,254,7,12,14,190
818,product-818,115,198,72,68,76,127
819,product-819,44,80,97,106,91,94
820,product-820,129,221,201,0,0,4
821,product-821,85,183,46,46,156,47
822,product-822,79,171,15,14,182,15
823,product-823,192,204,116,108,111,89
824,product-824,163,229,140,146,58,142
825,product-825,109,161,123,80,123,121
826,product-826,73,119,82,118,84,86
827,product-827,196,259,151,46,47,54
828,product-828,123,202,42,161,156,155
829,product-829,86,128,35,37,43,162
830,product-830,209,307,20,185,175,181
831,product-831,112,129,134,62,69,70
832,product-832,164,255,122,130,75,128
833,product-833,82,164,56,56,144,54
834,product-834,98,150,89,85,86,114
835,product-835,125,199,95,95,95,102
836,product-836,246,267,0,0,217,0
837,product-837,122,168,58,141,63,60
838,product-838,203,274,39,45,159,42
839,product-839,75,122,99,100,103,100
840,product-840,202,269,72,79,124,78
841,product-841,104,127,78,83,80,118
842,product-842,192,264,98,104,101,98
843,product-843,70,92,0,0,211,0
844,product-844,177,194,166,33,169,166
845,product-845,213,228,0,0,0,237
846,product-846,166,260,27,172,169,169
847,product-847,131,197,123,79,124,123
848,product-848,42,111,0,202,0,0
849,product-849,182,230,100,102,105,96
850,product-850,218,294,152,45,43,49
851,product-851,10,27,178,21,25,26
852,product-852,107,117,0,0,210,0
853,product-853,246,290,26,18,177,28
854,product-854,85,110,0,222,0,0
855,product-855,87,146,19,182,23,16
856,product-856,155,191,112,109,87,109
857,product-857,158,171,14,186,191,184
858,product-858,209,279,132,73,122,126
859,product-859,184,192,155,44,45,41
860,product-860,152,183,6,0,4,198
861,product-861,196,211,82,73,123,75
862,product-862,159,209,21,21,30,175
863,product-863,185,208,52,55,52,147
864,product-864,241,275,45,41,38,157
865,product-865,48,136,11,15,13,185
866,product-866,122,207,96,99,108,105
867,product-867,29,75,122,121,115,81
868,product-868,179,197,0,208,0,0
869,product-869,27,50,134,137,68,134
870,product-870,240,269,140,146,55,141
871,product-871,217,276,134,131,66,139
872,product-872,86,121,6,191,10,14
873,product-873,59,142,128,71,73,77
874,product-874,16,41,264,0,0,0
875,product-875,180,223,66,134,133,136
876,product-876,162,221,111,85,88,93
877,product-877,135,138,72,130,130,123
878,product-878,217,290,167,168,30,172
879,product-879,42,135,0,0,214,0
880,product-880,211,250,247,0,0,0
881,product-881,100,107,18,22,22,183
882,product-882,91,172,51,145,151,146
883,product-883,128,132,159,45,39,40
884,product-884,125,146,75,125,122,125
885,product-885,43,101,113,114,88,117
886,product-886,132,174,18,179,16,23
887,product-887,174,182,141,64,134,131
888,product-888,138,165,148,143,147,54
889,product-889,177,265,73,71,72,124
890,product-890,183,198,30,28,170,34
891,product-891,153,213,104,107,114,91
892,product-892,211,255,47,45,157,40
893,product-893,116,182,116,86,86,81
894,product-894,77,146,65,67,70,134
895,product-895,222,291,8,188,16,8
896,product-896,97,188,126,131,128,72
897,product-897,159,161,141,145,60,138
898,product-898,103,116,17,11,19,186
899,product-899,28,33,177,172,27,168
900,product-900,129,191,141,140,144,61
901,product-901,195,211,84,88,84,117
902,product-902,155,172,125,70,73,78
903,product-903,87,100,101,111,94,105
904,product-904,108,177,154,150,47,154
905,product-905,171,174,107,103,95,108
906,product-906,96,173,43,39,156,39
907,product-907,218,231,48,147,58,49
908,product-908,33,108,88,116,80,83
909,product-909,102,170,30,175,168,171
910,product-910,145,175,125,124,73,123
911,product-911,78,87,161,161,162,37
912,product-912,210,301,96,91,104,95
913,product-913,85,161,0,210,0,0
914,product-914,142,208,28,25,25,177
915,product-915,50,73,53,149,54,51
916,product-916,190,218,0,203,0,0
917,product-917,105,179,120,79,126,124
918,product-918,120,162,102,97,100,98
919,product-919,193,220,102,103,98,100
920,product-920,15,42,69,130,75,69
921,product-921,150,195,75,123,82,78
922,product-922,179,227,176,175,26,175
923,product-923,149,166,134,65,64,68
924,product-924,109,119,60,52,53,145
925,product-925,64,103,110,92,91,94
926,product-926,99,122,0,0,201,0
927,product-927,49,130,186,18,11,15
928,product-928,135,197,102,104,101,95
929,product-929,165,253,155,153,149,46
930,product-930,182,221,193,3,7,6
931,product-931,2,91,43,41,42,154
932,product-932,190,239,58,141,59,62
933,product-933,119,208,20,178,182,180
934,product-934,216,233,0,0,0,200
935,product-935,98,123,98,102,92,103
936,product-936,86,142,40,155,40,48
937,product-937,199,244,0,0,200,4
938,product-938,27,52,76,123,121,124
939,product-939,16,16,78,81,81,118
940,product-940,82,152,151,53,48,46
941,product-941,211,240,67,137,138,134
942,product-942,105,118,43,162,157,159
943,product-943,112,181,177,26,25,26
944,product-944,138,156,28,171,33,30
945,product-945,209,257,2,2,0,197
946,product-946,203,213,157,46,151,159
947,product-947,95,146,125,72,126,127
948,product-948,45,62,55,144,140,149
949,product-949,95,181,169,167,32,173
950,product-950,239,308,63,142,55,54
951,product-951,42,73,0,2,0,198
952,product-952,87,101,103,95,105,101
953,product-953,108,202,114,121,117,84
954,product-954,151,219,0,0,270,0
955,product-955,166,218,128,128,123,72
956,product-956,80,92,89,106,91,98
957,product-957,81,106,153,50,153,151
958,product-958,23,42,177,21,21,24
959,product-959,128,199,120,76,123,125
960,product-960,68,92,178,27,178,173
961,product-961,244,279,75,83,79,120
962,product-962,149,246,146,153,52,145
963,product-963,130,217,148,50,47,51
964,product-964,183,191,20,185,17,10
965,product-965,115,160,180,23,22,21
966,product-966,194,213,123,129,131,73
967,product-967,130,189,83,122,116,121
968,product-968,113,170,72,73,63,132
969,product-969,51,60,183,184,186,15
970,product-970,95,162,65,68,63,134
971,product-971,47,56,48,152,51,46
972,product-972,52,57,182,18,22,23
973,product-973,177,222,31,173,167,173
974,product-974,49,123,71,126,78,79
975,product-975,214,243,40,32,164,33
976,product-976,160,227,23,29,176,27
977,product-977,15,67,112,92,83,86
978,product-978,178,181,108,91,110,112
979,product-979,80,99,95,105,97,100
980,product-980,69,76,6,7,4,197
981,product-981,175,196,91,93,107,90
982,product-982,191,254,118,117,118,80
983,product-983,145,179,72,73,131,72
984,product-984,13,68,46,48,46,149
985,product-985,169,192,138,63,135,141
986,product-986,123,151,155,40,155,155
987,product-987,207,215,149,145,53,148
988,product-988,27,82,135,65,134,139
989,product-989,96,164,165,167,172,31
990,product-990,197,255,145,146,146,54
991,product-991,122,184,111,108,92,109
992,product-992,163,175,3,1,197,7
993,product-993,40,96,10,192,11,8
994,product-994,36,97,64,132,131,132
995,product-995,144,222,121,76,121,127
996,product-996,198,221,0,221,0,0
997,product-997,182,212,0,0,0,209
998,product-998,139,226,0,5,4,200
999,product-999,155,182,164,160,39,156
1000,product-1000,121,191,156,160,161,42
1001,product-1001,118,208,67,138,134,130
1002,product-1002,140,208,0,0,231,0
1003,product-1003,199,281,149,54,150,148
1004,product-1004,37,97,93,90,108,88
1005,product-1005,68,121,54,55,143,55
1006,product-1006,135,156,240,0,0,0
1007,product-1007,55,124,137,67,63,64
1008,product-1008,135,148,83,120,78,75
1009,product-1009,75,122,20,17,179,22
1010,product-1010,115,185,38,38,39,166
1011,product-1011,233,305,46,48,48,151
1012,product-1012,52,111,133,70,63,71
1013,product-1013,179,192,91,88,85,114
1014,product-1014,6,27,145,60,50,58
1015,product-1015,163,185,0,0,212,0
1016,product-1016,118,161,13,17,17,184
1017,product-1017,93,172,122,80,120,125
1018,product-1018,106,179,58,62,143,58
1019,product-1019,64,154,14,19,22,181
1020,product-1020,78,155,121,84,80,79
1021,product-1021,121,142,248,0,0,0
1022,product-1022,263,319,165,31,38,39
1023,product-1023,193,265,0,240,0,0
1024,product-1024,147,236,40,34,36,161
1025,product-1025,184,279,38,35,33,164
1026,product-1026,83,148,74,126,77,77
1027,product-1027,65,135,102,95,103,95
1028,product-1028,155,155,18,14,19,182
1029,product-1029,54,129,170,165,34,166
1030,product-1030,188,191,175,182,180,23
1031,product-1031,122,204,41,162,36,37
1032,product-1032,14,46,55,57,144,59
1033,product-1033,28,94,66,131,67,70
1034,product-1034,112,179,20,175,175,182
1035,product-1035,224,257,129,69,132,127
1036,product-1036,204,268,165,35,30,39
1037,product-1037,69,124,72,66,129,72
1038,product-1038,172,200,154,152,47,148
1039,product-1039,90,110,49,155,42,49
1040,product-1040,233,315,52,147,56,50
1041,product-1041,92,94,82,113,82,83
1042,product-1042,68,113,69,67,128,77
1043,product-1043,9,18,114,84,81,86
1044,product-1044,65,86,123,77,77,78
1045,product-1045,264,295,46,42,48,157
1046,product-1046,131,170,0,0,0,221
1047,product-1047,78,138,154,48,51,48
1048,product-1048,128,138,76,123,74,72
1049,product-1049,63,80,181,14,183,183
1050,product-1050,231,310,164,167,161,34
1051,product-1051,219,259,90,112,83,93
1052,product-1052,179,256,27,177,172,178
1053,product-1053,93,153,191,14,9,5
1054,product-1054,84,139,138,64,141,141
1055,product-1055,88,157,161,44,43,38
1056,product-1056,107,134,20,16,181,19
1057,product-1057,55,100,246,0,0,0
1058,product-1058,128,176,34,38,164,34
1059,product-1059,61,118,149,56,48,46
1060,product-1060,204,252,132,72,66,66
1061,product-1061,33,93,124,118,117,79
1062,product-1062,34,95,23,31,173,26
1063,product-1063,7,26,108,95,92,90
1064,product-1064,195,249,179,18,21,25
1065,product-1065,77,146,2,202,0,0
1066,product-1066,123,207,85,76,76,119
1067,product-1067,135,143,162,42,153,161
1068,product-1068,142,216,185,10,191,190
1069,product-1069,116,123,152,45,157,152
1070,product-1070,77,165,51,55,49,146
1071,product-1071,65,111,47,150,48,52
1072,product-1072,59,106,129,121,74,121
1073,product-1073,207,260,76,71,74,129
1074,product-1074,152,165,134,69,128,130
1075,product-1075,222,275,34,41,163,33
1076,product-1076,45,95,116,80,81,85
1077,product-1077,82,177,56,51,147,55
1078,product-1078,222,225,182,20,23,17
1079,product-1079,59,118,68,74,128,72
1080,product-1080,132,185,0,0,0,237
1081,product-1081,90,148,136,130,67,137
1082,product-1082,88,179,158,43,45,47
1083,product-1083,27,121,0,0,221,0
1084,product-1084,179,190,96,101,98,94
1085,product-1085,33,93,10,186,12,10
1086,product-1086,19,56,182,179,174,21
1087,product-1087,123,204,67,130,65,73
1088,product-1088,97,192,183,183,182,19
1089,product-1089,164,248,97,108,94,96
1090,product-1090,37,81,23,28,28,175
1091,product-1091,29,38,24,181,14,16
1092,product-1092,67,120,157,46,44,38
1093,product-1093,206,271,98,98,105,90
1094,product-1094,109,110,0,0,216,0
1095,product-1095,34,112,49,146,55,52
1096,product-1096,122,162,102,96,107,102
1097,product-1097,105,128,0,4,0,201
1098,product-1098,171,198,122,127,77,125
1099,product-1099,77,150,99,99,100,103
1100,product-1100,28,84,199,4,5,6
1101,product-1101,186,247,189,6,12,11
1102,product-1102,170,238,150,49,53,49
1103,product-1103,147,228,97,96,99,98
1104,product-1104,204,292,84,77,119,79
1105,product-1105,51,139,110,109,91,108
1106,product-1106,78,127,181,20,17,19
1107,product-1107,78,131,34,30,166,37
1108,product-1108,87,137,177,23,25,24
1109,product-1109,192,271,84,121,112,121
1110,product-1110,88,136,23,179,175,178
1111,product-1111,151,229,163,38,33,35
1112,product-1112,4,98,130,129,127,70
1113,product-1113,69,135,44,52,43,152
1114,product-1114,57,120,86,89,85,113
1115,product-1115,158,194,118,118,79,120
1116,product-1116,141,184,165,156,39,162
1117,product-1117,168,192,62,61,61,136
1118,product-1118,139,147,103,97,104,101
1119,product-1119,105,137,48,43,46,157
1120,product-1120,227,301,3,202,0,0
1121,product-1121,220,308,111,85,117,113
1122,product-1122,33,115,40,161,156,157
1123,product-1123,113,129,175,23,30,28
1124,product-1124,191,272,70,70,70,129
1125,product-1125,205,274,150,46,49,47
1126,product-1126,60,149,194,192,6,194
1127,product-1127,200,256,18,23,17,178
1128,product-1128,94,127,0,0,0,214
1129,product-1129,135,186,23,174,172,172
1130,product-1130,17,77,122,81,120,123
1131,product-1131,196,227,152,45,53,47
1132,product-1132,124,167,128,71,127,131
1133,product-1133,101,119,99,94,100,103
1134,product-1134,133,222,129,128,74,122
1135,product-1135,158,220,8,197,4,0
1136,product-1136,81,165,59,58,64,141
1137,product-1137,124,192,49,153,42,43
1138,product-1138,7,46,177,24,178,177
1139,product-1139,174,238,64,70,134,61
1140,product-1140,169,235,86,115,88,84
1141,product-1141,135,156,137,65,64,61
1142,product-1142,87,117,146,154,146,49
1143,product-1143,65,99,167,32,172,167
1144,product-1144,196,270,0,7,196,3
1145,product-1145,234,294,0,0,228,0
1146,product-1146,96,133,169,32,34,35
1147,product-1147,246,258,210,0,0,0
1148,product-1148,59,83,94,103,101,103
1149,product-1149,192,220,169,36,164,164
1150,product-1150,81,146,148,139,57,144
1151,product-1151,173,197,115,90,114,109
1152,product-1152,200,279,107,105,91,113
1153,product-1153,41,112,123,79,81,77
1154,product-1154,67,139,0,3,197,5
1155,product-1155,50,54,165,167,37,161
1156,product-1156,163,204,157,158,160,40
1157,product-1157,134,177,150,144,54,148
1158,product-1158,105,153,180,183,184,21
1159,product-1159,213,287,113,109,86,117
1160,product-1160,103,178,182,18,20,16
1161,product-1161,17,48,57,59,64,140
1162,product-1162,154,219,114,91,107,114
1163,product-1163,81,136,59,49,51,146
1164,product-1164,64,112,24,176,27,27
1165,product-1165,86,132,0,0,205,0
1166,product-1166,82,177,24,29,172,29
1167,product-1167,225,226,128,75,75,77
1168,product-1168,92,175,22,24,178,18
1169,product-1169,192,212,29,170,172,173
1170,product-1170,215,254,0,212,0,0
1171,product-1171,102,153,188,192,11,185
1172,product-1172,149,196,0,0,211,0
1173,product-1173,123,154,130,72,67,74
1174,product-1174,162,215,130,126,69,134
1175,product-1175,76,113,177,19,25,18
1176,product-1176,238,327,0,199,0,1
1177,product-1177,176,230,41,45,157,44
1178,product-1178,232,271,153,160,44,151
1179,product-1179,87,142,115,87,82,88
1180,product-1180,69,126,132,67,73,68
1181,product-1181,181,258,59,142,61,61
1182,product-1182,191,288,126,75,130,123
1183,product-1183,80,172,39,160,42,36
1184,product-1184,199,221,80,83,78,120
1185,product-1185,202,292,0,0,0,211
1186,product-1186,65,82,16,186,18,16
1187,product-1187,86,158,139,135,135,65
1188,product-1188,170,235,13,191,5,10
1189,product-1189,8,88,171,170,26,178
1190,product-1190,39,84,187,181,18,186
1191,product-1191,255,305,41,163,155,162
1192,product-1192,275,324,116,80,85,82
1193,product-1193,27,41,93,109,95,86
1194,product-1194,60,76,0,202,0,0
1195,product-1195,134,198,98,99,98,106
1196,product-1196,112,152,46,43,40,155
1197,product-1197,98,128,233,0,0,0
1198,product-1198,52,64,164,35,31,41
1199,product-1199,89,147,87,113,87,87
1200,product-1200,245,271,142,136,142,63
1201,product-1201,65,90,123,129,129,74
1202,product-1202,65,145,157,43,162,161
1203,product-1203,69,110,9,8,187,13
1204,product-1204,62,103,161,158,160,39
1205,product-1205,122,141,17,15,185,15
1206,product-1206,18,73,160,39,156,163
1207,product-1207,163,235,99,97,102,99
1208,product-1208,163,180,145,50,148,155
1209,product-1209,159,170,45,50,155,41
1210,product-1210,105,140,48,157,156,157
1211,product-1211,168,174,178,185,17,188
1212,product-1212,159,203,0,0,220,0
1213,product-1213,121,214,12,16,189,16
1214,product-1214,149,164,15,184,183,184
1215,product-1215,168,176,123,123,119,76
1216,product-1216,56,122,86,93,110,94
1217,product-1217,169,240,0,0,220,0
1218,product-1218,195,227,114,117,85,110
1219,product-1219,220,286,166,167,33,171
1220,product-1220,109,128,130,136,137,66
1221,product-1221,131,212,99,100,96,99
1222,product-1222,143,219,86,118,116,118
1223,product-1223,214,260,10,186,11,16
1224,product-1224,173,214,94,92,105,92
1225,product-1225,204,211,140,139,139,60
1226,product-1226,57,81,171,169,170,33
1227,product-1227,175,176,102,106,101,98
1228,product-1228,35,60,136,137,141,64
1229,product-1229,122,169,0,230,0,0
1230,product-1230,10,58,196,0,8,9
1231,product-1231,60,67,30,170,175,165
1232,product-1232,56,120,88,110,89,90
1233,product-1233,176,253,68,68,135,60
1234,product-1234,84,173,182,16,189,185
1235,product-1235,81,132,57,138,62,63
1236,product-1236,77,79,171,34,32,33
1237,product-1237,61,101,119,79,85,80
1238,product-1238,19,102,103,98,97,99
1239,product-1239,33,77,98,103,97,104
1240,product-1240,99,183,15,17,16,186
1241,product-1241,28,32,143,60,145,135
1242,product-1242,65,122,152,160,45,157
1243,product-1243,135,187,144,142,54,141
1244,product-1244,203,219,131,128,74,124
1245,product-1245,189,205,45,158,43,47
1246,product-1246,138,140,122,74,131,130
1247,product-1247,46,76,149,46,49,54
1248,product-1248,62,138,124,124,121,76
1249,product-1249,185,191,145,148,140,57
1250,product-1250,61,68,9,9,18,186
1251,product-1251,67,95,187,11,13,13
1252,product-1252,117,140,50,153,45,47
1253,product-1253,184,276,148,141,54,151
1254,product-1254,190,239,93,95,106,92
1255,product-1255,91,143,108,93,109,106
1256,product-1256,49,67,141,137,63,139
1257,product-1257,78,110,187,187,180,16
1258,product-1258,11,92,0,0,0,207
1259,product-1259,67,84,125,70,77,72
1260,product-1260,139,224,122,78,80,82
1261,product-1261,137,148,0,214,0,0
1262,product-1262,52,95,72,67,130,71
1263,product-1263,44,58,159,40,42,38
1264,product-1264,23,42,0,0,203,2
1265,product-1265,51,139,164,33,39,35
1266,product-1266,65,94,74,122,127,122
1267,product-1267,81,86,132,133,131,64
1268,product-1268,228,271,169,173,31,164
1269,product-1269,147,184,158,41,163,156
1270,product-1270,91,143,83,115,118,116
1271,product-1271,185,237,134,126,69,134
1272,product-1272,126,176,121,84,80,77
1273,product-1273,158,162,136,138,61,140
1274,product-1274,54,109,230,0,0,0
1275,product-1275,130,201,0,0,235,0
1276,product-1276,176,182,185,191,13,183
1277,product-1277,201,273,0,219,0,0
1278,product-1278,174,269,0,249,0,0
1279,product-1279,23,53,61,135,141,138
1280,product-1280,202,248,66,63,67,133
1281,product-1281,150,154,162,35,167,164
1282,product-1282,159,186,170,169,171,29
1283,product-1283,149,243,114,88,112,111
1284,product-1284,68,78,104,99,93,97
1285,product-1285,115,117,82,77,77,118
1286,product-1286,162,213,212,0,0,0
1287,product-1287,162,207,54,151,144,148
1288,product-1288,193,205,0,0,216,0
1289,product-1289,187,256,190,6,7,11
1290,product-1290,108,128,87,112,118,110
1291,product-1291,169,260,161,155,44,158
1292,product-1292,74,87,91,104,95,94
1293,product-1293,198,246,140,63,137,138
1294,product-1294,156,182,133,129,126,71
1295,product-1295,60,129,164,174,166,31
1296,product-1296,164,246,90,113,84,85
1297,product-1297,62,108,158,152,43,159
1298,product-1298,189,230,81,124,121,122
1299,product-1299,179,264,103,108,95,101
1300,product-1300,70,70,58,59,141,59
1301,product-1301,98,134,0,0,221,0
1302,product-1302,72,130,18,18,185,13
1303,product-1303,119,206,130,75,126,130
1304,product-1304,224,267,88,114,88,91
1305,product-1305,152,211,8,7,12,190
1306,product-1306,139,216,15,21,181,18
1307,product-1307,194,204,91,98,106,94
1308,product-1308,190,257,60,141,142,144
1309,product-1309,141,212,94,105,94,98
1310,product-1310,86,106,1,3,200,0
1311,product-1311,62,122,137,140,61,137
1312,product-1312,173,271,135,130,130,69
1313,product-1313,74,119,104,92,101,95
1314,product-1314,78,99,15,186,9,10
1315,product-1315,190,241,0,213,0,0
1316,product-1316,184,193,0,242,0,0
1317,product-1317,215,238,157,43,41,45
1318,product-1318,197,278,13,191,13,9
1319,product-1319,169,188,28,168,36,29
1320,product-1320,124,135,182,21,13,16
1321,product-1321,210,237,52,146,57,55
1322,product-1322,15,91,0,215,0,0
1323,product-1323,164,233,0,7,196,0
1324,product-1324,234,311,45,151,156,157
1325,product-1325,62,67,179,26,170,169
1326,product-1326,82,114,114,86,113,113
1327,product-1327,62,107,87,110,113,116
1328,product-1328,153,171,42,159,157,154
1329,product-1329,165,201,229,0,0,0
1330,product-1330,227,278,70,131,68,67
1331,product-1331,157,245,3,9,7,193
1332,product-1332,127,215,0,0,0,238
1333,product-1333,251,315,1,0,0,200
1334,product-1334,186,206,215,0,0,0
1335,product-1335,134,197,83,82,116,80
1336,product-1336,130,148,123,74,81,76
1337,product-1337,183,233,121,113,84,119
1338,product-1338,114,173,64,140,62,58
1339,product-1339,45,131,77,81,73,123
1340,product-1340,138,186,14,22,183,18
1341,product-1341,121,193,131,135,134,65
1342,product-1342,66,80,147,49,146,156
1343,product-1343,161,232,63,137,60,67
1344,product-1344,116,167,186,18,13,9
1345,product-1345,212,217,105,91,93,95
1346,product-1346,109,128,55,143,60,61
1347,product-1347,66,114,27,25,26,174
1348,product-1348,247,290,69,136,127,133
1349,product-1349,166,208,159,162,157,41
1350,product-1350,48,95,164,32,32,41
1351,product-1351,173,262,129,70,70,68
1352,product-1352,53,121,72,130,73,69
1353,product-1353,80,93,127,128,74,130
1354,product-1354,186,189,41,159,162,155
1355,product-1355,41,130,0,0,207,0
1356,product-1356,85,111,40,161,44,39
1357,product-1357,182,273,91,110,95,86
1358,product-1358,45,114,127,131,69,134
1359,product-1359,207,222,228,0,0,0
1360,product-1360,54,116,56,55,149,51
1361,product-1361,194,229,171,169,171,31
1362,product-1362,180,198,25,172,25,27
1363,product-1363,62,149,155,48,41,46
1364,product-1364,176,203,121,75,82,77
1365,product-1365,213,224,0,0,225,0
1366,product-1366,177,244,167,35,165,166
1367,product-1367,116,167,145,53,54,57
1368,product-1368,26,53,195,1,8,2
1369,product-1369,179,239,49,156,39,44
1370,product-1370,16,49,60,59,143,62
1371,product-1371,131,149,53,58,56,147
1372,product-1372,201,222,216,0,0,0
1373,product-1373,85,176,86,115,83,82
1374,product-1374,157,179,117,80,85,81
1375,product-1375,47,130,171,167,30,165
1376,product-1376,84,92,62,136,68,67
1377,product-1377,53,93,132,66,70,72
1378,product-1378,46,139,59,146,145,143
1379,product-1379,245,272,0,0,0,229
1380,product-1380,211,272,166,30,171,172
1381,product-1381,107,163,165,167,163,36
1382,product-1382,83,101,128,131,128,70
1383,product-1383,126,145,75,122,122,127
1384,product-1384,135,136,122,119,78,125
1385,product-1385,108,130,38,167,28,30
1386,product-1386,153,157,47,45,52,150
1387,product-1387,195,256,86,110,90,95
1388,product-1388,106,183,54,51,46,151
1389,product-1389,16,47,66,72,65,132
1390,product-1390,2,65,20,184,175,182
1391,product-1391,120,208,179,21,20,19
1392,product-1392,137,207,26,173,170,177
1393,product-1393,133,156,13,192,184,189
1394,product-1394,177,223,134,69,61,67
1395,product-1395,82,91,0,0,0,215
1396,product-1396,77,141,236,0,0,0
1397,product-1397,120,209,119,116,84,118
1398,product-1398,130,200,27,22,20,177
1399,product-1399,188,189,24,18,25,180
1400,product-1400,133,204,3,0,202,3
1401,product-1401,54,79,0,1,204,0
1402,product-1402,22,118,105,91,105,104
1403,product-1403,252,275,28,31,32,173
1404,product-1404,111,123,2,201,0,3
1405,product-1405,109,193,138,146,59,141
1406,product-1406,203,261,103,98,99,93
1407,product-1407,257,318,29,167,36,35
1408,product-1408,61,141,134,136,67,132
1409,product-1409,27,124,134,64,63,62
1410,product-1410,246,268,144,58,55,61
1411,product-1411,41,113,100,101,97,107
1412,product-1412,145,219,78,126,119,119
1413,product-1413,42,136,131,130,66,131
1414,product-1414,118,195,202,0,0,0
1415,product-1415,135,217,0,3,0,201
1416,product-1416,239,323,175,23,23,23
1417,product-1417,37,66,110,93,105,106
1418,product-1418,212,305,39,162,41,36
1419,product-1419,42,100,74,80,74,123
1420,product-1420,111,142,102,94,104,111
1421,product-1421,120,125,16,185,16,18
1422,product-1422,49,68,47,53,46,149
1423,product-1423,49,67,116,83,115,121
1424,product-1424,23,32,147,55,146,144
1425,product-1425,126,168,120,85,80,85
1426,product-1426,71,111,6,194,11,9
1427,product-1427,137,170,214,0,0,0
1428,product-1428,140,149,207,0,0,0
1429,product-1429,63,147,63,66,65,132
1430,product-1430,147,216,101,104,94,103
1431,product-1431,144,185,150,53,150,149
1432,product-1432,89,113,47,50,150,47
1433,product-1433,212,255,93,102,102,101
1434,product-1434,63,135,0,226,0,0
1435,product-1435,101,157,66,72,75,130
1436,product-1436,146,146,154,155,150,45
1437,product-1437,95,194,125,125,75,125
1438,product-1438,59,138,5,0,1,197
1439,product-1439,60,100,50,51,58,145
1440,product-1440,91,128,175,22,174,179
1441,product-1441,181,272,200,0,0,0
1442,product-1442,200,262,72,75,129,71
1443,product-1443,106,188,0,209,0,0
1444,product-1444,48,135,82,83,113,87
1445,product-1445,122,215,200,0,2,0
1446,product-1446,78,151,33,39,164,34
1447,product-1447,123,202,0,0,228,0
1448,product-1448,219,254,35,162,39,33
1449,product-1449,74,100,242,0,0,0
1450,product-1450,191,264,149,54,46,56
1451,product-1451,189,221,68,133,69,71
1452,product-1452,108,136,110,86,86,94
1453,product-1453,225,236,142,62,136,136
1454,product-1454,125,186,178,18,23,20
1455,product-1455,95,134,155,48,48,48
1456,product-1456,161,205,61,141,142,139
1457,product-1457,187,222,167,166,37,161
1458,product-1458,85,112,0,0,231,0
1459,product-1459,4,47,112,108,109,92
1460,product-1460,140,215,31,26,173,24
1461,product-1461,106,133,152,142,144,53
1462,product-1462,135,163,26,24,26,175
1463,product-1463,60,79,128,121,77,124
1464,product-1464,142,221,34,165,30,35
1465,product-1465,164,239,84,84,92,112
1466,product-1466,25,86,57,145,142,140
1467,product-1467,202,206,206,0,0,0
1468,product-1468,196,230,60,139,66,59
1469,product-1469,210,248,1,1,5,197
1470,product-1470,35,84,115,80,80,82
1471,product-1471,174,223,58,62,138,59
1472,product-1472,109,139,111,89,87,91
1473,product-1473,168,209,74,71,130,67
1474,product-1474,72,150,172,164,172,32
1475,product-1475,90,185,129,130,73,122
1476,product-1476,113,134,131,131,66,138
1477,product-1477,44,45,32,165,167,166
1478,product-1478,197,207,53,147,54,48
1479,product-1479,75,84,134,131,132,65
1480,product-1480,146,203,30,27,170,34
1481,product-1481,187,269,1,0,204,0
1482,product-1482,175,257,179,21,19,20
1483,product-1483,240,281,31,167,28,36
1484,product-1484,78,80,59,140,60,57
1485,product-1485,104,196,228,0,0,0
1486,product-1486,51,84,44,40,156,43
1487,product-1487,40,132,6,199,0,0
1488,product-1488,101,186,68,134,129,135
1489,product-1489,72,145,86,114,88,89
1490,product-1490,172,260,72,128,73,69
1491,product-1491,108,121,146,139,58,143
1492,product-1492,115,189,107,102,106,97
1493,product-1493,15,36,89,113,89,85
1494,product-1494,178,183,5,13,14,190
1495,product-1495,58,155,26,175,171,179
1496,product-1496,90,179,85,119,114,118
1497,product-1497,69,90,157,156,47,156
1498,product-1498,44,62,170,173,168,29
1499,product-1499,74,158,151,150,147,48
1500,product-1500,30,56,22,18,177,19
1501,product-1501,187,263,71,74,65,131
1502,product-1502,126,163,172,27,29,27
1503,product-1503,171,201,112,116,89,113
1504,product-1504,147,193,86,81,79,117
1505,product-1505,135,155,0,0,0,219
1506,product-1506,258,307,151,152,156,47
1507,product-1507,39,128,32,28,27,171
1508,product-1508,132,163,127,70,73,77
1509,product-1509,103,112,108,113,92,110
1510,product-1510,172,239,162,34,37,37
1511,product-1511,188,269,131,128,68,135
1512,product-1512,27,83,105,100,96,100
1513,product-1513,116,130,0,0,226,0
1514,product-1514,158,215,32,167,171,167
1515,product-1515,122,176,123,79,126,121
1516,product-1516,222,276,70,68,128,76
1517,product-1517,211,288,0,0,214,0
1518,product-1518,69,108,0,0,201,3
1519,product-1519,146,159,93,84,112,91
1520,product-1520,51,136,37,35,163,33
1521,product-1521,93,131,0,223,0,0
1522,product-1522,3,79,168,164,31,166
1523,product-1523,43,106,233,0,0,0
1524,product-1524,233,284,45,45,45,154
1525,product-1525,119,153,92,96,89,107
1526,product-1526,58,134,63,140,63,56
1527,product-1527,181,197,120,80,118,119
1528,product-1528,154,155,151,155,155,47
1529,product-1529,161,184,101,96,100,99
1530,product-1530,135,203,36,29,28,169
1531,product-1531,74,103,89,87,85,111
1532,product-1532,204,220,0,2,5,198
1533,product-1533,278,296,0,198,1,1
1534,product-1534,63,70,145,50,56,55
1535,product-1535,121,157,0,223,0,0
1536,product-1536,183,190,207,0,0,0
1537,product-1537,162,199,0,2,198,0
1538,product-1538,82,137,70,69,132,73
1539,product-1539,78,113,38,42,32,163
1540,product-1540,144,186,125,70,128,126
1541,product-1541,168,212,13,192,8,7
1542,product-1542,102,125,20,22,18,178
1543,product-1543,30,64,88,85,117,86
1544,product-1544,72,75,65,131,133,135
1545,product-1545,84,165,90,114,108,109
1546,product-1546,178,218,49,152,44,45
1547,product-1547,90,147,133,137,133,65
1548,product-1548,46,94,144,56,141,142
1549,product-1549,10,11,128,134,71,124
1550,product-1550,137,197,52,152,52,50
1551,product-1551,208,254,140,56,62,65
1552,product-1552,138,221,146,150,51,152
1553,product-1553,122,131,56,145,52,57
1554,product-1554,116,141,184,21,178,183
1555,product-1555,125,185,155,40,156,165
1556,product-1556,171,261,131,70,70,72
1557,product-1557,105,109,162,40,35,39
1558,product-1558,124,142,118,84,80,85
1559,product-1559,112,170,128,68,73,72
1560,product-1560,204,264,198,196,195,5
1561,product-1561,187,258,0,0,229,0
1562,product-1562,166,242,83,119,120,115
1563,product-1563,78,113,0,0,214,0
1564,product-1564,116,142,113,86,86,91
1565,product-1565,181,228,48,154,41,43
1566,product-1566,235,288,115,116,86,114
1567,product-1567,89,109,0,205,0,0
1568,product-1568,115,140,189,188,14,188
1569,product-1569,174,269,178,176,177,20
1570,product-1570,109,202,53,55,62,142
1571,product-1571,181,190,111,110,112,91
1572,product-1572,25,71,183,185,185,20
1573,product-1573,114,160,134,139,61,135
1574,product-1574,140,173,1,200,200,194
1575,product-1575,223,271,99,102,93,102
1576,product-1576,92,186,139,135,66,131
1577,product-1577,131,153,145,50,155,149
1578,product-1578,121,205,56,140,56,56
1579,product-1579,50,82,91,87,85,114
1580,product-1580,197,282,35,160,43,40
1581,product-1581,219,246,0,0,0,235
1582,product-1582,166,183,1,0,199,0
1583,product-1583,152,222,112,85,87,93
1584,product-1584,75,161,69,131,126,133
1585,product-1585,163,163,0,0,0,212
1586,product-1586,79,105,133,135,140,63
1587,product-1587,76,137,135,141,136,62
1588,product-1588,113,127,246,0,0,0
1589,product-1589,133,177,141,61,62,63
1590,product-1590,213,269,28,167,31,33
1591,product-1591,226,288,75,75,128,75
1592,product-1592,183,227,208,0,0,0
1593,product-1593,126,169,86,79,84,119
1594,product-1594,162,175,204,0,0,1
1595,product-1595,38,72,152,43,44,51
1596,product-1596,17,20,0,0,244,0
1597,product-1597,235,241,79,71,124,78
1598,product-1598,109,183,45,45,48,152
1599,product-1599,83,178,143,135,60,144
1600,product-1600,163,168,75,69,129,71
1601,product-1601,131,131,142,53,53,63
1602,product-1602,201,262,90,86,90,111
1603,product-1603,149,185,217,0,0,0
1604,product-1604,209,261,84,75,121,77
1605,product-1605,115,150,78,77,72,124
1606,product-1606,20,74,17,14,186,9
1607,product-1607,74,78,126,72,76,73
1608,product-1608,123,142,74,67,130,74
1609,product-1609,122,196,17,10,188,10
1610,product-1610,61,124,84,90,88,115
1611,product-1611,132,202,0,0,6,198
1612,product-1612,242,270,119,83,116,121
1613,product-1613,135,147,250,0,0,0
1614,product-1614,44,102,60,142,144,142
1615,product-1615,66,81,98,101,103,92
1616,product-1616,113,130,35,34,164,39
1617,product-1617,131,134,41,46,157,46
1618,product-1618,12,31,115,83,112,113
1619,product-1619,164,210,150,50,52,50
1620,product-1620,30,94,84,86,115,90
1621,product-1621,24,51,34,37,36,168
1622,product-1622,73,135,207,0,0,0
1623,product-1623,154,198,0,264,0,0
1624,product-1624,165,201,51,50,49,153
1625,product-1625,151,189,25,180,18,25
1626,product-1626,120,140,0,0,252,0
1627,product-1627,110,180,213,0,0,0
1628,product-1628,41,44,19,183,20,19
1629,product-1629,151,167,119,85,85,80
1630,product-1630,123,155,140,147,144,58
1631,product-1631,165,211,198,3,0,7
1632,product-1632,195,199,41,37,161,35
1633,product-1633,153,176,19,179,16,18
1634,product-1634,100,153,144,149,55,147
1635,product-1635,112,180,172,27,168,168
1636,product-1636,141,186,78,86,77,119
1637,product-1637,43,129,60,144,138,136
1638,product-1638,129,156,150,150,54,145
1639,product-1639,166,226,46,51,154,49
1640,product-1640,13,100,54,144,58,61
1641,product-1641,101,177,88,84,113,90
1642,product-1642,89,167,241,0,0,0
1643,product-1643,209,225,184,181,21,181
1644,product-1644,55,66,135,68,128,136
1645,product-1645,237,283,51,49,154,48
1646,product-1646,42,125,132,129,71,133
1647,product-1647,75,143,122,119,121,79
1648,product-1648,214,274,54,142,58,58
1649,product-1649,137,219,134,64,133,133
1650,product-1650,103,180,156,46,157,153
1651,product-1651,210,301,117,116,88,112
1652,product-1652,122,140,152,154,49,146
1653,product-1653,71,169,105,95,97,99
1654,product-1654,22,89,206,0,0,0
1655,product-1655,76,142,53,152,150,145
1656,product-1656,14,64,53,149,53,47
1657,product-1657,156,169,101,107,97,108
1658,product-1658,120,170,121,124,122,80
1659,product-1659,21,103,0,0,0,215
1660,product-1660,79,84,6,9,5,192
1661,product-1661,226,283,166,171,173,30
1662,product-1662,36,119,56,144,52,61
1663,product-1663,112,177,112,108,114,88
1664,product-1664,150,212,31,167,37,35
1665,product-1665,41,130,146,49,150,156
1666,product-1666,44,79,72,76,79,124
1667,product-1667,154,185,0,0,199,4
1668,product-1668,134,159,86,109,93,89
1669,product-1669,135,169,50,155,50,41
1670,product-1670,110,181,41,40,36,159
1671,product-1671,190,282,177,24,28,27
1672,product-1672,214,226,105,101,100,103
1673,product-1673,40,61,3,1,0,202
1674,product-1674,89,101,61,69,65,135
1675,product-1675,204,239,49,52,53,149
1676,product-1676,144,220,191,6,6,4
1677,product-1677,113,126,158,154,156,45
1678,product-1678,53,151,11,1,3,194
1679,product-1679,109,113,91,112,84,90
1680,product-1680,160,230,0,0,0,255
1681,product-1681,59,148,15,14,5,190
1682,product-1682,34,34,209,0,0,0
1683,product-1683,117,147,134,65,134,133
1684,product-1684,155,208,124,117,80,118
1685,product-1685,161,250,114,111,86,111
1686,product-1686,123,169,64,65,60,136
1687,product-1687,118,206,106,109,102,95
1688,product-1688,121,155,125,130,122,73
1689,product-1689,200,294,128,69,133,132
1690,product-1690,184,203,97,107,96,94
1691,product-1691,75,166,74,64,66,131
1692,product-1692,103,141,178,182,178,19
1693,product-1693,69,129,183,17,20,21
1694,product-1694,157,247,34,30,26,171
1695,product-1695,212,296,78,81,124,78
1696,product-1696,188,220,99,97,106,105
1697,product-1697,29,115,130,75,68,65
1698,product-1698,148,208,131,67,73,72
1699,product-1699,179,249,53,48,148,51
1700,product-1700,117,181,125,72,130,126
1701,product-1701,30,62,139,58,147,143
1702,product-1702,98,101,136,134,65,138
1703,product-1703,120,203,17,182,13,23
1704,product-1704,191,224,23,174,175,177
1705,product-1705,150,192,50,43,154,50
1706,product-1706,210,230,0,233,0,0
1707,product-1707,76,97,54,50,54,146
1708,product-1708,185,227,135,130,70,128
1709,product-1709,208,220,31,174,169,165
1710,product-1710,163,244,73,125,125,124
1711,product-1711,129,141,72,124,129,123
1712,product-1712,11,64,120,83,121,120
1713,product-1713,75,90,31,164,38,33
1714,product-1714,210,219,190,14,5,5
1715,product-1715,162,225,153,47,148,152
1716,product-1716,229,239,93,96,106,90
1717,product-1717,74,91,39,39,44,156
1718,product-1718,92,97,139,63,59,56
1719,product-1719,164,187,72,129,66,68
1720,product-1720,86,147,54,53,143,59
1721,product-1721,81,91,135,135,131,69
1722,product-1722,74,119,50,145,60,50
1723,product-1723,198,264,0,0,219,0
1724,product-1724,113,159,0,0,0,204
1725,product-1725,66,151,58,146,143,146
1726,product-1726,178,243,209,0,0,0
1727,product-1727,166,193,30,170,175,168
1728,product-1728,114,163,41,43,161,38
1729,product-1729,158,235,92,96,92,107
1730,product-1730,197,267,7,195,7,9
1731,product-1731,51,128,41,38,164,39
1732,product-1732,129,147,172,27,168,177
1733,product-1733,186,245,0,0,0,199
1734,product-1734,124,141,74,66,70,130
1735,product-1735,110,188,1,3,0,201
1736,product-1736,163,176,121,81,114,116
1737,product-1737,128,166,91,112,110,114
1738,product-1738,153,156,136,60,143,142
1739,product-1739,90,110,0,0,254,0
1740,product-1740,57,100,15,7,190,9
1741,product-1741,204,221,55,142,57,55
1742,product-1742,232,256,54,56,144,54
1743,product-1743,58,114,29,173,166,172
1744,product-1744,34,119,42,159,160,159
1745,product-1745,149,170,99,100,96,108
1746,product-1746,124,144,182,176,23,174
1747,product-1747,192,209,21,180,178,179
1748,product-1748,93,108,63,67,136,59
1749,product-1749,100,120,98,102,94,94
1750,product-1750,92,174,47,151,152,150
1751,product-1751,106,171,166,35,166,170
1752,product-1752,29,77,58,54,62,141
1753,product-1753,184,226,0,196,5,5
1754,product-1754,77,109,10,12,188,17
1755,product-1755,62,84,71,125,125,129
1756,product-1756,196,251,2,0,5,197
1757,product-1757,150,199,181,22,14,23
1758,product-1758,43,104,65,69,136,69
1759,product-1759,144,224,160,39,41,42
1760,product-1760,133,167,22,183,22,14
1761,product-1761,188,229,45,155,158,152
1762,product-1762,93,121,75,128,122,125
1763,product-1763,113,203,129,128,128,67
1764,product-1764,172,196,42,47,157,47
1765,product-1765,19,34,126,69,133,130
1766,product-1766,28,89,91,112,112,109
1767,product-1767,163,207,104,109,101,95
1768,product-1768,137,165,70,131,135,134
1769,product-1769,45,134,105,97,100,99
1770,product-1770,144,230,134,62,133,141
1771,product-1771,228,259,121,122,80,118
1772,product-1772,84,167,63,65,134,62
1773,product-1773,210,240,176,179,21,178
1774,product-1774,69,162,136,63,61,64
1775,product-1775,99,145,14,12,188,10
1776,product-1776,126,188,177,18,28,27
1777,product-1777,80,156,0,0,0,214
1778,product-1778,62,125,164,170,35,161
1779,product-1779,20,27,155,48,40,45
1780,product-1780,60,110,167,29,174,167
1781,product-1781,52,130,65,139,57,57
1782,product-1782,104,169,10,12,193,5
1783,product-1783,22,110,82,88,85,117
1784,product-1784,34,37,32,28,167,29
1785,product-1785,141,190,58,55,146,52
1786,product-1786,153,236,0,265,0,0
1787,product-1787,224,318,41,159,156,161
1788,product-1788,188,223,0,0,0,205
1789,product-1789,163,216,179,177,173,22
1790,product-1790,80,94,225,0,0,0
1791,product-1791,148,171,140,61,65,56
1792,product-1792,75,95,71,125,131,126
1793,product-1793,77,168,103,94,101,103
1794,product-1794,133,175,50,154,47,49
1795,product-1795,82,166,0,0,222,0
1796,product-1796,126,192,145,57,140,140
1797,product-1797,65,113,90,90,81,114
1798,product-1798,159,211,47,55,47,148
1799,product-1799,189,278,108,113,104,91
1800,product-1800,155,246,53,150,147,150
1801,product-1801,51,107,0,216,0,0
1802,product-1802,134,183,157,48,151,154
1803,product-1803,148,215,177,173,28,169
1804,product-1804,99,123,93,85,88,110
1805,product-1805,264,322,164,33,37,36
1806,product-1806,73,147,173,181,174,24
1807,product-1807,244,302,91,111,111,110
1808,product-1808,172,240,19,24,176,22
1809,product-1809,190,214,73,130,73,73
1810,product-1810,141,219,140,65,62,58
1811,product-1811,110,155,26,176,29,27
1812,product-1812,115,168,244,0,0,0
1813,product-1813,63,81,108,114,114,87
1814,product-1814,9,18,85,110,95,95
1815,product-1815,202,282,101,97,100,100
1816,product-1816,166,180,0,0,205,0
1817,product-1817,123,160,32,165,169,169
1818,product-1818,182,203,8,7,9,188
1819,product-1819,172,225,42,36,160,39
1820,product-1820,61,136,81,82,118,86
1821,product-1821,88,95,139,145,58,138
1822,product-1822,106,145,50,55,52,147
1823,product-1823,73,168,46,44,153,42
1824,product-1824,119,120,152,46,52,48
1825,product-1825,43,96,58,144,144,144
1826,product-1826,46,50,79,79,78,122
1827,product-1827,113,184,18,12,183,22
1828,product-1828,95,110,163,39,39,39
1829,product-1829,49,124,98,100,98,102
1830,product-1830,77,89,162,158,39,161
1831,product-1831,176,197,174,171,172,27
1832,product-1832,130,176,106,94,101,101
1833,product-1833,64,132,152,159,154,43
1834,product-1834,123,142,182,21,21,18
1835,product-1835,93,133,167,31,37,34
1836,product-1836,63,131,52,153,150,150
1837,product-1837,178,248,49,147,149,153
1838,product-1838,61,110,166,168,168,36
1839,product-1839,184,234,209,0,0,0
1840,product-1840,110,134,11,7,192,3
1841,product-1841,117,119,18,183,21,15
1842,product-1842,118,188,36,35,166,35
1843,product-1843,54,148,0,0,214,0
1844,product-1844,170,188,147,141,58,140
1845,product-1845,113,130,213,0,0,0
1846,product-1846,142,238,89,116,109,110
1847,product-1847,181,218,84,88,116,82
1848,product-1848,53,146,0,0,207,0
1849,product-1849,80,167,237,0,0,0
1850,product-1850,54,79,0,0,231,0
1851,product-1851,127,189,38,33,35,165
1852,product-1852,38,137,85,119,111,113
1853,product-1853,13,61,0,211,0,0
1854,product-1854,104,184,0,0,229,0
1855,product-1855,183,254,57,144,52,57
1856,product-1856,161,197,0,204,0,0
1857,product-1857,126,162,69,69,68,133
1858,product-1858,192,245,73,124,78,73
1859,product-1859,197,259,167,166,30,165
1860,product-1860,30,39,84,112,121,120
1861,product-1861,48,81,22,173,31,27
1862,product-1862,176,193,152,43,49,51
1863,product-1863,128,218,204,0,1,0
1864,product-1864,38,92,85,116,117,110
1865,product-1865,111,199,83,118,78,81
1866,product-1866,59,94,130,73,127,129
1867,product-1867,202,256,172,171,170,31
1868,product-1868,201,239,12,7,191,6
1869,product-1869,154,167,31,28,28,171
1870,product-1870,31,43,150,53,146,146
1871,product-1871,68,149,153,145,52,147
1872,product-1872,168,189,87,110,109,115
1873,product-1873,22,83,26,176,176,169
1874,product-1874,63,85,82,118,77,87
1875,product-1875,30,81,20,184,17,13
1876,product-1876,21,87,0,1,204,0
1877,product-1877,144,160,147,50,151,155
1878,product-1878,115,121,106,109,91,113
1879,product-1879,33,85,27,25,177,20
1880,product-1880,36,69,57,145,54,52
1881,product-1881,239,266,124,71,128,127
1882,product-1882,168,170,187,10,8,13
1883,product-1883,128,134,0,0,0,255
1884,product-1884,195,202,90,98,92,106
1885,product-1885,135,209,24,21,17,180
1886,product-1886,219,300,93,105,110,103
1887,product-1887,62,91,133,124,71,128
1888,product-1888,170,184,122,79,80,76
1889,product-1889,77,95,92,98,105,97
1890,product-1890,188,265,134,133,139,66
1891,product-1891,157,187,247,0,0,0
1892,product-1892,200,242,108,92,104,105
1893,product-1893,34,110,0,201,0,3
1894,product-1894,21,80,0,215,0,0
1895,product-1895,128,211,79,118,80,78
1896,product-1896,66,162,0,1,200,4
1897,product-1897,64,144,98,92,105,94
1898,product-1898,194,226,136,69,61,59
1899,product-1899,66,110,108,117,113,88
1900,product-1900,126,188,149,149,157,46
1901,product-1901,217,260,171,26,33,26
1902,product-1902,54,109,0,217,0,0
1903,product-1903,105,186,18,26,18,179
1904,product-1904,113,186,219,0,0,0
1905,product-1905,193,217,54,50,145,58
1906,product-1906,219,240,0,0,199,0
1907,product-1907,155,245,67,137,60,59
1908,product-1908,19,113,114,87,86,81
1909,product-1909,77,96,111,86,119,109
1910,product-1910,59,134,0,0,206,0
1911,product-1911,118,128,92,109,96,93
1912,product-1912,34,113,101,106,99,99
1913,product-1913,47,122,50,150,54,46
1914,product-1914,142,218,164,166,170,33
1915,product-1915,120,187,23,21,176,25
1916,product-1916,29,42,78,81,118,78
1917,product-1917,35,130,0,209,0,0
1918,product-1918,172,194,51,144,148,153
1919,product-1919,71,144,103,101,100,100
1920,product-1920,63,138,112,107,91,108
1921,product-1921,229,320,248,0,0,0
1922,product-1922,85,170,54,146,141,150
1923,product-1923,200,270,121,122,123,81
1924,product-1924,61,115,33,32,170,32
1925,product-1925,180,239,127,128,76,125
1926,product-1926,77,171,41,156,46,41
1927,product-1927,6,57,184,189,192,13
1928,product-1928,111,154,99,105,102,98
1929,product-1929,96,166,81,114,87,85
1930,product-1930,189,281,86,76,85,119
1931,product-1931,214,298,9,7,8,188
1932,product-1932,69,168,191,189,12,186
1933,product-1933,219,279,0,0,218,0
1934,product-1934,135,203,61,137,68,59
1935,product-1935,137,141,143,139,134,62
1936,product-1936,142,186,67,134,132,128
1937,product-1937,66,114,0,212,0,0
1938,product-1938,61,69,0,272,0,0
1939,product-1939,159,159,26,33,170,32
1940,product-1940,104,116,10,20,17,185
1941,product-1941,174,268,0,0,246,0
1942,product-1942,54,55,0,206,0,0
1943,product-1943,160,160,0,0,0,221
1944,product-1944,111,145,112,90,93,85
1945,product-1945,64,139,110,114,88,115
1946,product-1946,0,37,11,14,14,187
1947,product-1947,265,287,144,139,143,61
1948,product-1948,43,87,34,169,168,164
1949,product-1949,139,204,101,97,100,99
1950,product-1950,113,117,62,60,142,59
1951,product-1951,166,185,56,61,61,142
1952,product-1952,201,201,0,0,200,0
1953,product-1953,61,66,136,140,59,136
1954,product-1954,152,214,0,211,0,0
1955,product-1955,132,180,153,44,46,48
1956,product-1956,174,232,65,65,74,130
1957,product-1957,51,84,76,77,76,124
1958,product-1958,135,228,167,165,166,33
1959,product-1959,180,257,0,203,0,0
1960,product-1960,180,227,134,71,129,128
1961,product-1961,188,272,149,56,139,142
1962,product-1962,197,281,25,177,28,26
1963,product-1963,79,154,0,0,221,0
1964,product-1964,65,96,71,75,72,128
1965,product-1965,77,164,34,171,28,27
1966,product-1966,196,255,6,15,190,6
1967,product-1967,203,264,0,0,230,0
1968,product-1968,54,89,91,105,111,114
1969,product-1969,60,142,40,42,38,159
1970,product-1970,148,177,31,29,29,174
1971,product-1971,141,184,39,36,166,38
1972,product-1972,134,149,181,182,18,185
1973,product-1973,128,141,81,121,120,122
1974,product-1974,175,178,179,25,17,19
1975,product-1975,187,253,99,100,98,96
1976,product-1976,164,232,91,106,91,92
1977,product-1977,160,169,83,114,115,116
1978,product-1978,81,141,37,34,41,163
1979,product-1979,88,174,12,5,4,191
1980,product-1980,127,147,105,112,103,93
1981,product-1981,62,132,191,199,200,4
1982,product-1982,63,124,61,59,64,137
1983,product-1983,25,114,86,88,110,93
1984,product-1984,119,133,110,101,94,101
1985,product-1985,37,81,194,5,11,11
1986,product-1986,165,175,29,28,33,171
1987,product-1987,134,137,12,10,7,189
1988,product-1988,215,268,0,0,0,251
1989,product-1989,58,103,95,88,88,109
1990,product-1990,38,49,110,117,85,112
1991,product-1991,244,322,144,58,59,57
1992,product-1992,48,69,131,138,140,64
1993,product-1993,94,179,80,75,123,73
1994,product-1994,93,170,90,93,93,111
1995,product-1995,179,245,43,37,40,162
1996,product-1996,224,269,56,148,51,55
1997,product-1997,194,212,127,131,73,130
1998,product-1998,105,180,0,1,2,199
1999,product-1999,19,57,132,71,69,69
2000,product-2000,38,67,102,103,96,94
